0 124 16 76
8 320 40 76
20 591 77 40
24 805 40 94
28 1044 70 29
32 1335 89 24
40 1686 96 63
44 1846 22 94
52 2015 54 7
64 2263 75 23
68 2456 54 31
72 2692 61 53
76 2869 47 36
84 3188 95 34
92 3498 82 64
96 3744 75 21
136 3856 35 7
144 4151 84 43
148 4256 25 30
168 4329 13 34
176 4606 66 79
184 4931 77 94
192 5257 82 80
200 5379 15 77
204 5575 57 25
212 5727 25 77
216 5893 28 82
220 6091 55 33
228 6267 26 98
232 6516 79 12
240 6713 47 56
244 6756 12 7
248 6926 39 53
256 6960 5 19
264 7068 5 93
268 7295 69 20
276 7580 65 90
288 7715 27 54
304 7941 58 52
308 8257 99 19
312 8292 5 20
324 8655 93 84
328 8862 53 48
332 9092 44 98
336 9141 4 37
340 9416 80 35
344 9633 63 28
372 9741 24 36
376 10024 65 88
384 10159 32 39
400 10347 37 77
404 10443 24 24
408 10543 13 61
416 10642 9 72
420 10876 55 69
432 10963 10 57
448 11333 92 94
452 11509 48 32
460 11628 30 29
468 11760 11 99
472 12098 93 59
488 12299 66 3
500 12426 26 49
504 12589 23 94
508 12796 63 18
520 12832 4 24
524 13013 35 76
528 13222 58 35
544 13472 82 4
548 13672 53 41
552 13862 41 67
556 14067 59 28
560 14281 46 76
576 14640 88 95
580 14827 46 49
584 15050 58 49
588 15407 95 72
604 15612 36 97
608 15907 95 10
612 16085 34 76
616 16271 39 69
628 16598 98 33
636 16866 69 61
648 17062 33 97
652 17353 70 81
668 17498 34 43
680 17624 26 48
688 17752 12 92
692 17820 8 44
696 18055 60 55
704 18214 27 78
712 18304 25 15
716 18540 64 44
724 18696 37 45
736 18857 40 41
744 19018 41 38
748 19115 23 28
752 19376 86 3
760 19735 89 92
764 19885 49 3
768 20230 93 66
772 20437 41 84
784 20667 46 92
788 20962 66 97
792 21239 64 85
796 21392 49 6
804 21751 88 95
808 21792 9 14
820 22046 67 53
836 22208 49 15
852 22487 87 18
864 22623 28 52
876 22741 18 64
880 22887 25 71
884 23109 55 57
892 23251 40 22
912 23484 57 62
916 23813 77 98
920 23930 35 12
928 24023 10 63
940 24069 11 13
952 24136 20 7
956 24324 56 20
968 24683 92 83
980 24833 37 39
984 25011 36 70
1004 25169 40 38
1016 25435 60 86
1020 25717 79 45
1024 25880 31 70
1028 26134 79 17
1032 26435 77 70
1040 26490 5 40
1044 26574 4 72
1048 26886 71 99
1052 27124 74 16
1072 27302 34 76
1076 27422 14 78
1124 27512 11 57
1128 27855 97 52
1136 28104 79 12
1140 28328 45 89
1144 28400 14 30
1156 28444 12 8
1160 28561 7 96
1164 28770 48 65
1180 29066 95 11
1184 29095 6 11
1196 29113 4 6
1216 29339 68 22
1224 29495 44 24
1228 29800 70 95
1232 29945 46 7
1236 30206 84 9
1260 30466 77 29
1264 30815 96 61
1276 31065 65 55
Solution: 31065 (True)
